0.0,0.6064265724603811,0.18429593301568015,0.34205445404605683,0.006379748231829074,0.8319474663492902,0.48986698645784743,0.7975489936720833
0.6064265724603811,0.0,0.5914767479636485,0.02456517183197382,0.004388879881242369,0.3455100828159132,0.5795079582307349,0.3290890553485517
0.18429593301568015,0.5914767479636485,0.0,0.10164653024218284,0.8389053572866225,0.34630367117166805,0.026192589092058016,0.3146882487917606
0.34205445404605683,0.02456517183197382,0.10164653024218284,0.0,0.7228169646634598,0.050840680036746466,0.2246224177810211,0.4823606909904239
0.006379748231829074,0.004388879881242369,0.8389053572866225,0.7228169646634598,0.0,0.0915814402449765,0.7616193465611109,0.31167148884896023
0.8319474663492902,0.3455100828159132,0.34630367117166805,0.050840680036746466,0.0915814402449765,0.0,0.08265822186454908,0.528713771764787
0.48986698645784743,0.5795079582307349,0.026192589092058016,0.2246224177810211,0.7616193465611109,0.08265822186454908,0.0,0.81556272039007
0.7975489936720833,0.3290890553485517,0.3146882487917606,0.4823606909904239,0.31167148884896023,0.528713771764787,0.81556272039007,0.0
